[0m              [38;2;228;228;228m▃[38;2;250;250;250m▄[38;2;251;251;251m▅[38;2;254;254;254m▆[38;2;255;255;255;48;2;220;220;220m┈[48;2;236;236;236m┈[48;2;248;248;248m┈[48;2;254;254;254m┈[48;2;252;252;252m┈[38;2;236;236;236;48;2;246;246;246m┊[38;2;208;208;208;48;2;234;234;234m┊[38;2;255;255;255;48;2;215;215;215m┈[0m[38;2;252;252;252m▆[38;2;249;249;249m▅[38;2;244;244;244m▄[38;2;216;216;216m▃[0m              [0m
          [38;2;233;233;233m▃[38;2;248;248;248m▅[38;2;255;255;255;48;2;234;234;234m┈[48;2;254;254;254m┈[48;2;255;255;255m                [48;2;254;254;254m┈[38;2;194;194;194;48;2;229;229;229m┊[0m[38;2;240;240;240m▅[38;2;210;210;210m▃[0m          [0m
       [38;2;181;181;181m▃[38;2;247;247;247m▅[38;2;255;255;255;48;2;250;250;250m┈[48;2;255;255;255m                        [48;2;243;243;243m┈[0m[38;2;235;235;235m▅[38;2;171;171;171m▂       [0m
     [38;2;211;211;211m▗[7m[38;2;243;243;243m▘[38;2;255;255;255m       [0m[38;2;255;255;255;48;2;254;254;254m┈[48;2;231;231;231m┈[0m[7m[38;2;236;236;236m▂[38;2;248;248;248m▄[38;2;251;251;251m▅[38;2;253;253;253m▆[38;2;220;220;220m▆[38;2;192;192;192m▆[38;2;195;195;195m▆[38;2;226;226;226m▆[38;2;254;254;254m▆[38;2;253;253;253m▅[38;2;251;251;251m▄[38;2;242;242;242m▂[0m[38;2;255;255;255;48;2;239;239;239m┈[48;2;255;255;255m       [48;2;254;254;254m┈[0m[38;2;244;244;244m▅[38;2;167;167;167m▖     [0m
    [7m[38;2;218;218;218m▘[0m[38;2;255;255;255;48;2;254;254;254m┈[48;2;255;255;255m      [0m[7m[38;2;251;251;251m▂[38;2;228;228;228m▄[38;2;165;165;165m▆[0m         [38;2;208;208;208m▂[0m    [7m[38;2;204;204;204m▆[38;2;244;244;244m▄[0m[38;2;255;255;255;48;2;232;232;232m┈[48;2;255;255;255m      [48;2;252;252;252m┈[0m[38;2;225;225;225m▄[0m    [0m
  [38;2;160;160;160m▗[38;2;128;128;128;48;2;253;253;253m▘[48;2;255;255;255m      [0m[7m[38;2;249;249;249m▗[38;2;190;190;190m▅[0m        [38;2;229;229;229m▃[38;2;247;247;247m▅[38;2;255;255;255;48;2;225;225;225m┈[48;2;228;228;228m╴[0m[38;2;198;198;198m▘      [0m [7m[38;2;199;199;199m▄[0m[38;2;254;254;254;48;2;232;232;232m┊[48;2;255;255;255m      [0m[7m[38;2;243;243;243m▝[0m   [0m
 [38;2;148;148;148m▗[38;2;255;255;255;48;2;231;231;231m┊[48;2;255;255;255m     [48;2;253;253;253m┈[0m[7m[38;2;185;185;185m▗[0m        [38;2;227;227;227m▄[38;2;255;255;255;48;2;243;243;243m┈[48;2;255;255;255m   [0m[7m[38;2;166;166;166m▝[0m[38;2;240;240;240m▄[38;2;150;150;150m▂       [0m [7m[38;2;225;225;225m▖[0m[38;2;255;255;255;48;2;254;254;254m┈[48;2;255;255;255m     [0m[7m[38;2;248;248;248m▝[0m  [0m
 [7m[38;2;246;246;246m▘[38;2;255;255;255m     [0m[38;2;255;255;255;48;2;254;254;254m┈[0m[38;2;248;248;248m▘       [0m [7m[38;2;244;244;244m▘[38;2;255;255;255m       [0m[38;2;255;255;255;48;2;252;252;252m┈[0m[7m[38;2;174;174;174m▝[0m        [7m[38;2;201;201;201m▖[38;2;255;255;255m      [38;2;215;215;215m▝[0m [0m
[7m[38;2;221;221;221m▋[38;2;255;255;255m      [38;2;216;216;216m▗[0m        [7m[38;2;210;210;210m▌[38;2;255;255;255m      [0m[38;2;250;250;250;48;2;147;147;147m▊[0m[7m[38;2;187;187;187m▇[0m[38;2;223;223;223m▝[38;2;255;255;255;48;2;253;253;253m┈[0m[38;2;195;195;195m▏       [0m [7m[38;2;243;243;243m▖[38;2;255;255;255m     [0m[38;2;255;255;255;48;2;253;253;253m┈[0m[38;2;186;186;186m▎[0m
[7m[38;2;240;240;240m▎[38;2;255;255;255m      [0m[38;2;187;187;187m▎       [0m [7m[38;2;238;238;238m▘[38;2;255;255;255m  [0m[38;2;199;199;199;48;2;254;254;254m▗[38;2;255;255;255;48;2;239;239;239m┈[48;2;255;255;255m   [38;2;254;254;254;48;2;253;253;253m┊[38;2;215;215;215;48;2;240;240;240m┊[48;2;255;255;255m [0m[38;2;198;198;198m▋[0m        [7m[38;2;199;199;199m▋[38;2;255;255;255m      [0m[38;2;230;230;230m▋[0m
[38;2;255;255;255;48;2;228;228;228m┊[48;2;255;255;255m     [48;2;248;248;248m┊[0m      [38;2;229;229;229m▂[38;2;228;228;228m▅[38;2;255;255;255;48;2;227;227;227m┈[48;2;255;255;255m   [48;2;254;254;254m┈[0m[7m[38;2;207;207;207m▝[38;2;235;235;235m▅[38;2;232;232;232m▂[0m[38;2;255;255;255;48;2;220;220;220m┈[48;2;237;237;237m┈[0m[7m[38;2;245;245;245m▁[38;2;223;223;223m▃[0m [38;2;188;188;188m╺[7m[38;2;182;182;182m▆[0m      [7m[38;2;147;147;147m▊[38;2;255;255;255m      [0m[38;2;239;239;239m▊[0m
[38;2;255;255;255;48;2;229;229;229m┊[48;2;255;255;255m     [38;2;145;145;145;48;2;245;245;245m▗[0m   [38;2;144;144;144m▂[38;2;227;227;227m▅[38;2;255;255;255;48;2;237;237;237m┈[48;2;255;255;255m        [0m[7m[38;2;226;226;226m▝[0m      [38;2;136;136;136m▝[0m       [7m[38;2;192;192;192m▊[38;2;255;255;255m      [0m[38;2;253;253;253m▋[0m
[7m[38;2;234;234;234m▎[38;2;255;255;255m    [38;2;234;234;234m▗[0m   [38;2;224;224;224m▅[38;2;255;255;255;48;2;252;252;252m┈[48;2;255;255;255m          [48;2;254;254;254m┈[0m[38;2;212;212;212m▌             [7m[38;2;225;225;225m▌[38;2;255;255;255m      [0m[38;2;229;229;229m▌[0m
[7m[38;2;198;198;198m▋[0m[38;2;255;255;255;48;2;254;254;254m┈[48;2;255;255;255m  [0m[7m[38;2;229;229;229m▗[0m  [38;2;165;165;165m▗[38;2;138;138;138;48;2;253;253;253m▘[48;2;255;255;255m             [0m[38;2;247;247;247m▉[0m            [38;2;146;146;146m▗[38;2;255;255;255;48;2;241;241;241m┈[48;2;255;255;255m     [48;2;247;247;247m┈[0m [0m
 [7m[38;2;234;234;234m▖[38;2;255;255;255m [0m[38;2;255;255;255;48;2;232;232;232m┊[0m   [38;2;149;149;149;48;2;253;253;253m▘[48;2;255;255;255m              [38;2;255;255;255;48;2;252;252;252m┈[0m           [38;2;153;153;153m▗[38;2;251;251;251;48;2;221;221;221m┈[48;2;255;255;255m     [38;2;255;255;255;48;2;254;254;254m┈[0m[38;2;212;212;212m▌ [0m
  [7m[38;2;251;251;251m▖[0m[38;2;240;240;240m▌  [7m[38;2;227;227;227m▌[38;2;255;255;255m               [0m[38;2;248;248;248m▊[0m          [38;2;216;216;216m▃[38;2;255;255;255;48;2;241;241;241m┈[48;2;255;255;255m      [0m[7m[38;2;216;216;216m▗[0m  [0m
   [38;2;190;190;190m▘  [7m[38;2;252;252;252m▍[38;2;255;255;255m              [0m[38;2;255;255;255;48;2;254;254;254m┈[0m[38;2;233;233;233m▘        [38;2;177;177;177m▗[7m[38;2;232;232;232m▘[0m[38;2;255;255;255;48;2;254;254;254m┈[48;2;255;255;255m     [48;2;253;253;253m [0m[7m[38;2;184;184;184m▗[0m   [0m
      [7m[38;2;232;232;232m▌[38;2;255;255;255m       [0m[38;2;255;255;255;48;2;254;254;254m┈[48;2;235;235;235m┈[0m[7m[38;2;252;252;252m▂[38;2;254;254;254m▃[38;2;251;251;251m▄[38;2;254;254;254m▅[38;2;247;247;247m▆[38;2;224;224;224m▇[0m            [7m[38;2;251;251;251m▇[38;2;236;236;236m▆[38;2;212;212;212m▅[38;2;222;222;222m▅[38;2;246;246;246m▆[38;2;188;188;188m▇[0m   [7m[38;2;209;209;209m▘[0m
       [38;2;255;255;255;48;2;231;231;231m┊[48;2;255;255;255m     [48;2;251;251;251m┈[0m[38;2;247;247;247m▃[38;2;220;220;220m▂[38;2;235;235;235m▁[38;2;222;222;222m▁[38;2;230;230;230m▁[38;2;250;250;250m▁[38;2;242;242;242m▂[38;2;243;243;243m▃[38;2;233;233;233m▄[38;2;231;231;231m▅[38;2;255;255;255m▅[38;2;244;244;244m▆[38;2;253;253;253m▆[38;2;255;255;255;48;2;197;197;197m┈[48;2;198;198;198m┈[0m[38;2;253;253;253m▆[38;2;243;243;243m▆[38;2;254;254;254m▅▄[38;2;230;230;230m▄[38;2;246;246;246m▃[38;2;247;247;247m▂[38;2;207;207;207m▂[38;2;191;191;191m▂[38;2;203;203;203m▂[38;2;245;245;245m▂[38;2;251;251;251m▃[38;2;246;246;246m▅[38;2;255;255;255;48;2;247;247;247m┈[0m[38;2;242;242;242m▊[0m
       [38;2;175;175;175m▝[7m[38;2;251;251;251m▖[38;2;255;255;255m                                 [0m[38;2;255;255;255;48;2;240;240;240m┈[0m[38;2;191;191;191m▘[0m
         [7m[38;2;206;206;206m▄[38;2;250;250;250m▂[0m[38;2;255;255;255;48;2;254;254;254m┈[48;2;255;255;255m                            [48;2;254;254;254m┈[0m[7m[38;2;229;229;229m▗[0m[38;2;150;150;150m▘ [0m
           [7m[38;2;146;146;146m▆[38;2;236;236;236m▅[38;2;253;253;253m▄[38;2;252;252;252m▃[38;2;255;255;255m▃▃▃[38;2;246;246;246m▃[38;2;254;254;254m▄▅[38;2;225;225;225m▅[38;2;247;247;247m▆[38;2;187;187;187m▆[38;2;255;255;255m▇▇▇[38;2;219;219;219m▆[38;2;253;253;253m▆[38;2;251;251;251m▅[38;2;254;254;254m▄[38;2;235;235;235m▂[0m[38;2;255;255;255;48;2;207;207;207m┈[48;2;231;231;231m┈[48;2;250;250;250m┈[48;2;253;253;253m┈[48;2;244;244;244m┈[48;2;221;221;221m┈[0m[7m[38;2;242;242;242m▂[38;2;235;235;235m▄[38;2;162;162;162m▆[0m   [0m
